-675609.03002930 -989041.90999985 354.89999390 8.000000 3.000000 3.000000 8.000000 182.000000 -40318125.437500
-676456.80004883 -988703.14001465 432.92999268 43.000000 1.000000 1.000000 8.000000 191.000000 -39292367.562500
-676488.08996582 -988013.11999512 422.94000244 59.000000 1.000000 1.000000 8.000000 192.000000 -39291503.625000
-675138.61000061 -989014.11999989 421.25000000 52.000000 1.000000 1.000000 8.000000 182.000000 -40318130.675781
-676908.98999023 -988801.88999939 423.36999512 57.000000 1.000000 1.000000 8.000000 182.000000 -40318108.191406
-677012.68994141 -988575.52999878 470.36999512 33.000000 1.000000 1.000000 8.000000 190.000000 -39375033.187500
-676013.36999512 -988959.45000076 358.36999512 49.000000 1.000000 1.000000 8.000000 182.000000 -40318120.243652
-676638.69995117 -988820.94999695 413.79000854 34.000000 1.000000 1.000000 8.000000 190.000000 -39375028.250000
-675881.58001709 -988068.21002197 370.64001465 43.000000 1.000000 1.000000 8.000000 191.000000 -39292361.437500
-675243.11999512 -989021.62999916 418.00000000 29.000000 1.000000 1.000000 8.000000 190.000000 -39375008.625000
-676536.32995605 -989002.64000010 408.64999390 29.000000 1.000000 1.000000 8.000000 182.000000 -40318113.428223
-675830.01000977 -988051.21997070 380.69000244 65.000000 1.000000 1.000000 8.000000 191.000000 -39292360.750000
-675184.46000671 -988438.17999268 465.14999390 30.000000 1.000000 1.000000 8.000000 182.000000 -40318128.085449
-676077.92004395 -989675.38000488 278.48001099 24.000000 1.000000 1.000000 8.000000 244.000000 -33673985.000000
-675302.04000854 -988353.71997070 447.66000366 39.000000 1.000000 1.000000 8.000000 192.000000 -39291520.687500
-677168.06005859 -988214.94000244 467.04998779 30.000000 1.000000 1.000000 8.000000 190.000000 -39375035.562500
-677213.57006836 -988131.53997803 455.25000000 35.000000 1.000000 1.000000 8.000000 190.000000 -39375036.312500
-676357.84997559 -989846.00000000 276.89001465 44.000000 1.000000 1.000000 8.000000 244.000000 -33673981.000000
-675434.45001221 -988991.93999958 405.91000366 30.000000 1.000000 1.000000 8.000000 190.000000 -39375011.437500
-677171.93994141 -989008.89000034 373.11999512 25.000000 2.000000 2.000000 8.000000 243.000000 -33675177.500000
-675592.94000244 -989205.72999573 356.17999268 61.000000 1.000000 1.000000 8.000000 243.000000 -33675154.500000
-676677.94995117 -988775.63999939 421.19000244 31.000000 1.000000 1.000000 8.000000 190.000000 -39375028.750000
-675033.95999908 -989513.94000244 377.58999634 68.000000 1.000000 1.000000 8.000000 243.000000 -33675146.000000
-676164.80004883 -988912.04000092 396.98999023 17.000000 1.000000 1.000000 8.000000 191.000000 -39292363.687500
-676638.06994629 -989703.96997070 278.67001343 41.000000 1.000000 1.000000 8.000000 243.000000 -33675168.500000
-676632.23999023 -988106.79998779 445.98999023 22.000000 1.000000 1.000000 8.000000 182.000000 -40318109.014648
-675329.97000122 -988146.07000732 398.76998901 30.000000 3.000000 3.000000 8.000000 190.000000 -39375011.125000
-675011.26000023 -988053.38000488 450.17001343 32.000000 2.000000 2.000000 8.000000 190.000000 -39375006.437500
-675409.88000488 -988112.14001465 373.26000977 14.000000 3.000000 3.000000 8.000000 192.000000 -39291519.062500
-676999.08996582 -989153.53999329 338.19000244 14.000000 1.000000 1.000000 8.000000 243.000000 -33675174.500000
-675721.63000488 -988115.90002441 387.07000732 95.000000 1.000000 1.000000 8.000000 190.000000 -39375017.000000
-675729.16998291 -989092.80000305 295.14999390 36.000000 1.000000 1.000000 8.000000 182.000000 -40318124.351563
-677120.68994141 -988722.95999146 440.45999146 31.000000 1.000000 1.000000 8.000000 191.000000 -39292377.062500
-677197.03002930 -988768.21000671 430.85998535 12.000000 3.000000 3.000000 8.000000 182.000000 -40318104.317383
-676773.93994141 -988078.35998535 462.01998901 50.000000 1.000000 1.000000 8.000000 192.000000 -39291499.562500
-676628.53002930 -989260.22000122 400.95001221 28.000000 1.000000 1.000000 8.000000 182.000000 -40318113.226563
-676466.25000000 -988931.30999756 412.29000854 52.000000 1.000000 1.000000 8.000000 243.000000 -33675167.500000
-675849.64001465 -989926.03002930 336.95001221 33.000000 1.000000 1.000000 8.000000 244.000000 -33673988.500000
-677128.27001953 -989123.44999695 326.25000000 26.000000 2.000000 2.000000 8.000000 182.000000 -40318106.927734
-676664.03002930 -989917.00000000 280.60998535 23.000000 1.000000 1.000000 8.000000 243.000000 -33675168.000000
-675988.15002441 -988682.66000366 385.95999146 56.000000 1.000000 1.000000 8.000000 190.000000 -39375019.750000
-676840.93994141 -989085.69999695 380.64001465 37.000000 1.000000 1.000000 8.000000 243.000000 -33675172.500000
-676933.86999512 -988106.95001221 475.20001221 81.000000 1.000000 1.000000 8.000000 190.000000 -39375032.875000
-675699.19000244 -989223.02000427 305.92001343 10.000000 3.000000 3.000000 8.000000 182.000000 -40318125.152832
-675757.61999512 -988052.98999023 405.35998535 101.000000 1.000000 1.000000 8.000000 190.000000 -39375017.500000
-675518.21002197 -989980.16998291 291.79000854 45.000000 1.000000 1.000000 8.000000 243.000000 -33675152.000000
-675686.96002197 -989255.86999512 311.76998901 41.000000 1.000000 1.000000 8.000000 243.000000 -33675156.000000
-675370.10000610 -988032.88000488 346.01000977 45.000000 1.000000 1.000000 8.000000 191.000000 -39292354.437500
-675167.05000305 -988674.35998535 477.35000610 57.000000 1.000000 1.000000 8.000000 182.000000 -40318129.049316
-675165.77999878 -988542.79998779 470.39001465 58.000000 1.000000 1.000000 8.000000 182.000000 -40318128.657715
-676948.35998535 -989859.96002197 318.70999146 38.000000 1.000000 1.000000 8.000000 243.000000 -33675172.000000
-675894.58001709 -988934.95999908 321.38000488 32.000000 2.000000 2.000000 8.000000 182.000000 -40318121.757324
-676903.22998047 -989392.39999390 345.73001099 60.000000 1.000000 1.000000 8.000000 243.000000 -33675172.500000
-677475.42993164 -988696.14001465 434.52999878 24.000000 1.000000 1.000000 8.000000 190.000000 -39375039.000000
-675767.53002930 -989690.60998535 278.17001343 39.000000 1.000000 1.000000 8.000000 182.000000 -40318126.100586
-677434.54003906 -988323.58001709 461.48999023 74.000000 1.000000 1.000000 8.000000 191.000000 -39292382.625000
-675376.63000488 -988377.94000244 442.04998779 85.000000 1.000000 1.000000 8.000000 190.000000 -39375011.375000
-675923.77001953 -988206.33001709 333.07998657 54.000000 1.000000 1.000000 8.000000 192.000000 -39291512.437500
-675002.13000011 -988162.83001709 433.55999756 16.000000 2.000000 2.000000 8.000000 190.000000 -39375006.250000
-675000.12000000 -989715.26000977 329.30999756 44.000000 1.000000 1.000000 8.000000 182.000000 -40318134.938965
-675485.44000244 -988991.81000042 398.41000366 51.000000 1.000000 1.000000 8.000000 182.000000 -40318126.623047
-675401.89001465 -988266.28997803 429.92001343 9.000000 3.000000 3.000000 8.000000 190.000000 -39375011.875000
-675038.83000183 -988331.51000977 458.60998535 25.000000 1.000000 1.000000 8.000000 182.000000 -40318129.437988
-677138.91992188 -989299.95001221 275.19000244 50.000000 1.000000 1.000000 8.000000 243.000000 -33675176.500000
-675065.59999847 -989789.98999023 280.79998779 11.000000 2.000000 2.000000 8.000000 244.000000 -33673999.500000
-675387.69000244 -989521.90002441 334.26998901 35.000000 1.000000 1.000000 8.000000 182.000000 -40318129.774414
-676342.89001465 -989217.86999512 382.29000854 67.000000 1.000000 1.000000 8.000000 243.000000 -33675165.000000
-676147.47998047 -989472.73999023 298.57000732 41.000000 1.000000 1.000000 8.000000 182.000000 -40318120.675781
-676955.69995117 -988966.75000000 398.88000488 49.000000 1.000000 1.000000 8.000000 243.000000 -33675174.500000
-676351.56994629 -988246.46002197 417.39001465 70.000000 1.000000 1.000000 8.000000 191.000000 -39292367.125000
-676558.40002441 -988977.88999939 408.67001343 49.000000 1.000000 1.000000 8.000000 243.000000 -33675168.500000
-676666.01000977 -989263.27999878 399.79000854 65.000000 1.000000 1.000000 8.000000 243.000000 -33675169.500000
-677440.71997070 -988551.51998901 459.70999146 40.000000 1.000000 1.000000 8.000000 191.000000 -39292382.375000
-675000.75999999 -989001.98000002 420.14001465 20.000000 1.000000 1.000000 8.000000 191.000000 -39292347.375000
-675699.40002441 -988144.39001465 385.50000000 35.000000 1.000000 1.000000 8.000000 182.000000 -40318121.059082
-677208.62011719 -988435.41998291 482.36999512 68.000000 1.000000 1.000000 8.000000 182.000000 -40318102.689941
-675039.06999969 -989246.30999756 406.25000000 64.000000 1.000000 1.000000 8.000000 243.000000 -33675146.500000
-677246.39990234 -989573.34997559 337.11999512 60.000000 1.000000 1.000000 8.000000 243.000000 -33675177.000000
-676299.28002930 -989104.68000031 389.01000977 30.000000 2.000000 2.000000 8.000000 243.000000 -33675164.500000
-676623.41003418 -988823.66999817 413.39999390 35.000000 1.000000 1.000000 8.000000 190.000000 -39375028.062500
-675311.44000244 -988700.67999268 457.77999878 51.000000 1.000000 1.000000 8.000000 190.000000 -39375009.875000
-677272.13989258 -988130.53002930 451.60000610 38.000000 1.000000 1.000000 8.000000 191.000000 -39292380.625000
-676721.88000488 -988639.51000977 441.60000610 39.000000 1.000000 1.000000 8.000000 190.000000 -39375029.375000
-677438.21997070 -988258.84002686 453.41000366 77.000000 1.000000 1.000000 8.000000 190.000000 -39375039.125000
-676398.72998047 -988600.64999390 448.42001343 76.000000 1.000000 1.000000 8.000000 182.000000 -40318113.579102
-675280.91000366 -989051.20000076 410.29000854 31.000000 1.000000 1.000000 8.000000 191.000000 -39292351.312500
-675492.16000366 -988288.52001953 393.83999634 52.000000 2.000000 2.000000 8.000000 190.000000 -39375013.250000
-675808.09002686 -988227.34002686 323.22000122 59.000000 1.000000 1.000000 8.000000 190.000000 -39375018.187500
-676974.81005859 -989278.83999634 338.95001221 15.000000 2.000000 2.000000 8.000000 182.000000 -40318109.416504
-675046.88999939 -989044.68000031 418.95001221 35.000000 1.000000 1.000000 8.000000 190.000000 -39375005.812500
-676259.15002441 -988346.84997559 426.42001343 57.000000 1.000000 1.000000 8.000000 190.000000 -39375023.937500
-675442.69000244 -989197.08000183 396.32000732 63.000000 1.000000 1.000000 8.000000 243.000000 -33675152.000000
-675136.30999756 -989756.59997559 283.98001099 17.000000 1.000000 1.000000 8.000000 244.000000 -33673998.000000
-676728.48999023 -989901.20001221 292.75000000 22.000000 2.000000 2.000000 8.000000 244.000000 -33673975.500000
-675682.25000000 -989611.35998535 276.75000000 55.000000 1.000000 1.000000 8.000000 243.000000 -33675155.000000
-676753.08996582 -988623.57000732 446.79998779 51.000000 1.000000 1.000000 8.000000 182.000000 -40318109.389648
-675963.96002197 -989156.75999451 310.94000244 38.000000 1.000000 1.000000 8.000000 182.000000 -40318121.754395
-675364.26998901 -989212.88999939 403.91000366 62.000000 2.000000 2.000000 8.000000 243.000000 -33675151.000000
-676195.64001465 -988524.29998779 446.38000488 9.000000 2.000000 2.000000 8.000000 191.000000 -39292364.562500
-675650.21002197 -989255.10000610 326.98999023 34.000000 1.000000 1.000000 8.000000 182.000000 -40318125.805664
-675708.58001709 -988261.73999023 330.30999756 36.000000 1.000000 1.000000 8.000000 190.000000 -39375016.812500
-675700.15002441 -988650.89999390 329.23999023 33.000000 1.000000 1.000000 8.000000 190.000000 -39375016.062500
-675155.11999512 -989732.80999756 293.57998657 12.000000 3.000000 3.000000 8.000000 243.000000 -33675147.500000
-676326.16003418 -988164.65002441 406.29998779 40.000000 1.000000 1.000000 8.000000 182.000000 -40318113.105469
-677142.88989258 -988643.58999634 455.51000977 24.000000 2.000000 2.000000 8.000000 191.000000 -39292377.562500
-676073.77001953 -989330.32000732 304.26000977 34.000000 1.000000 1.000000 8.000000 182.000000 -40318121.062988
-675357.26000977 -988225.22998047 430.35000610 8.000000 2.000000 2.000000 8.000000 192.000000 -39291519.750000
-675011.27000046 -989668.54998779 339.73999023 66.000000 1.000000 1.000000 8.000000 243.000000 -33675145.500000
-676207.02001953 -988532.14999390 449.64999390 63.000000 1.000000 1.000000 8.000000 182.000000 -40318115.617676
-676225.59997559 -989753.03002930 277.45001221 61.000000 1.000000 1.000000 8.000000 243.000000 -33675162.500000
-676737.70996094 -989512.46002197 357.32998657 18.000000 2.000000 2.000000 8.000000 243.000000 -33675170.000000
-675197.77999878 -989545.41998291 372.52999878 84.000000 1.000000 1.000000 8.000000 243.000000 -33675148.000000
-677423.67993164 -988531.92999268 461.88000488 53.000000 1.000000 1.000000 8.000000 182.000000 -40318100.357422
-677168.65991211 -989313.89999390 271.10998535 33.000000 2.000000 2.000000 8.000000 243.000000 -33675177.000000
-675779.08001709 -989921.38000488 320.73999023 41.000000 1.000000 1.000000 8.000000 244.000000 -33673989.500000
-675899.13000488 -988139.53997803 356.86999512 12.000000 1.000000 1.000000 8.000000 182.000000 -40318118.570313
-675906.94000244 -988094.23999023 361.94000244 8.000000 1.000000 1.000000 8.000000 182.000000 -40318118.261719
-676355.53002930 -988575.73001099 454.33999634 67.000000 1.000000 1.000000 8.000000 190.000000 -39375024.750000
-675652.53997803 -989938.32000732 296.17999268 108.000000 1.000000 1.000000 8.000000 243.000000 -33675154.000000
-675840.79998779 -988425.77001953 319.01998901 43.000000 1.000000 1.000000 8.000000 190.000000 -39375018.375000
-675398.14001465 -989614.07000732 306.54000854 22.000000 2.000000 2.000000 8.000000 243.000000 -33675151.000000
-675879.85998535 -988436.85998535 316.79000854 39.000000 1.000000 1.000000 8.000000 190.000000 -39375018.875000
-675931.21997070 -988327.71002197 324.80999756 54.000000 2.000000 2.000000 8.000000 190.000000 -39375019.687500
-676814.29003906 -989512.03002930 330.35998535 66.000000 1.000000 1.000000 8.000000 243.000000 -33675171.000000
-675737.70001221 -988545.26998901 329.01998901 20.000000 2.000000 2.000000 8.000000 191.000000 -39292358.687500
-675611.67999268 -989409.35000610 314.97000122 81.000000 1.000000 1.000000 8.000000 243.000000 -33675154.500000
-675386.10998535 -989929.78002930 285.30999756 25.000000 1.000000 1.000000 8.000000 243.000000 -33675150.000000
-675371.45999146 -989918.55999756 286.05999756 62.000000 1.000000 1.000000 8.000000 244.000000 -33673995.000000
-676152.90002441 -989078.23999786 346.45001221 24.000000 3.000000 3.000000 8.000000 182.000000 -40318118.954102
-676771.50000000 -988133.54998779 463.55999756 52.000000 1.000000 1.000000 8.000000 192.000000 -39291499.750000
-675190.86000061 -989150.80999756 412.20999146 40.000000 1.000000 1.000000 8.000000 243.000000 -33675148.500000
-675916.78997803 -989026.36000061 330.79998779 24.000000 2.000000 2.000000 8.000000 182.000000 -40318121.789063
-676593.60998535 -989724.53997803 277.57998657 32.000000 1.000000 1.000000 8.000000 243.000000 -33675167.500000
-677275.57006836 -989914.26000977 386.91000366 19.000000 2.000000 2.000000 8.000000 244.000000 -33673967.500000
-675760.40997314 -989375.16000366 295.01000977 32.000000 2.000000 2.000000 8.000000 243.000000 -33675156.500000
-676933.28002930 -988578.35998535 471.17001343 49.000000 1.000000 1.000000 8.000000 190.000000 -39375032.187500
-675435.11999512 -988644.51000977 430.39999390 60.000000 1.000000 1.000000 8.000000 190.000000 -39375011.875000
-676612.55004883 -989068.69000244 406.73999023 24.000000 1.000000 1.000000 8.000000 182.000000 -40318112.766602
-675409.07998657 -988647.01998901 437.63000488 56.000000 1.000000 1.000000 8.000000 182.000000 -40318126.214844
-675438.63000488 -989571.78997803 313.97000122 61.000000 1.000000 1.000000 8.000000 182.000000 -40318129.440918
-676130.00000000 -988277.17999268 400.04000854 95.000000 1.000000 1.000000 8.000000 190.000000 -39375022.375000
-676736.59997559 -989638.94000244 275.04998779 63.000000 1.000000 1.000000 8.000000 244.000000 -33673975.000000
-675596.83001709 -989283.14999390 332.26998901 44.000000 1.000000 1.000000 8.000000 243.000000 -33675154.500000
-675090.87999725 -989214.27000427 409.98999023 56.000000 1.000000 1.000000 8.000000 182.000000 -40318131.991699
-675937.11999512 -988493.35998535 355.52999878 10.000000 2.000000 2.000000 8.000000 182.000000 -40318119.457520
-675647.59997559 -988057.02001953 397.73999023 34.000000 2.000000 2.000000 8.000000 190.000000 -39375016.000000
-677402.04003906 -988560.42999268 459.54998779 36.000000 1.000000 1.000000 8.000000 190.000000 -39375038.125000
-675650.42999268 -988336.00000000 349.92001343 10.000000 2.000000 2.000000 8.000000 192.000000 -39291516.187500
-675325.17001343 -988294.91998291 441.85998535 25.000000 2.000000 2.000000 8.000000 192.000000 -39291520.250000
-676719.30004883 -988923.62999725 396.02999878 54.000000 1.000000 1.000000 8.000000 182.000000 -40318111.059082
-676156.90002441 -988372.52001953 422.23001099 10.000000 2.000000 2.000000 8.000000 182.000000 -40318115.756836
-675250.97999573 -989042.40999985 415.02999878 26.000000 1.000000 1.000000 8.000000 191.000000 -39292350.812500
-676069.58996582 -988812.86000061 403.80999756 56.000000 1.000000 1.000000 8.000000 182.000000 -40318118.798340
-676614.40002441 -988717.10000610 428.60000610 64.000000 1.000000 1.000000 8.000000 182.000000 -40318111.495117
-675426.11999512 -988717.20999146 420.85998535 10.000000 3.000000 3.000000 8.000000 190.000000 -39375011.687500
-675762.84002686 -989720.88000488 278.54000854 24.000000 3.000000 3.000000 8.000000 243.000000 -33675156.000000
-675181.38999939 -988511.75000000 468.80999756 63.000000 1.000000 1.000000 8.000000 191.000000 -39292350.625000
-675732.22998047 -988957.34000015 307.54000854 23.000000 1.000000 1.000000 8.000000 190.000000 -39375016.125000
-676820.93005371 -989194.92999268 381.29000854 51.000000 1.000000 1.000000 8.000000 182.000000 -40318110.833008
-676626.85998535 -989710.58001709 277.30999756 74.000000 1.000000 1.000000 8.000000 243.000000 -33675168.000000
-675026.57999992 -988135.64001465 433.85000610 26.000000 2.000000 2.000000 8.000000 190.000000 -39375006.625000
-677317.45996094 -989531.42999268 354.35998535 42.000000 2.000000 2.000000 8.000000 244.000000 -33673966.500000
-676110.36999512 -989310.64001465 313.51998901 38.000000 1.000000 1.000000 8.000000 182.000000 -40318120.483398
-675331.85998535 -988381.21997070 447.54998779 41.000000 1.000000 1.000000 8.000000 182.000000 -40318126.183105
-676653.56005859 -988309.44000244 448.26000977 13.000000 2.000000 2.000000 8.000000 191.000000 -39292370.812500
-675965.84997559 -988924.43000031 360.02999878 17.000000 2.000000 2.000000 8.000000 190.000000 -39375019.125000
-675133.49000549 -988508.98001099 470.86999512 60.000000 1.000000 1.000000 8.000000 190.000000 -39375007.500000
-675554.94000244 -989461.51998901 315.70001221 17.000000 1.000000 1.000000 8.000000 182.000000 -40318127.744629
-675153.66999817 -988206.73999023 427.82998657 31.000000 1.000000 1.000000 8.000000 182.000000 -40318127.776855
-675541.88000488 -989695.71997070 275.95999146 31.000000 1.000000 1.000000 8.000000 243.000000 -33675153.000000
-677067.55004883 -988530.58999634 478.72000122 32.000000 2.000000 2.000000 8.000000 191.000000 -39292376.500000
-675713.32000732 -989913.51000977 299.20001221 49.000000 1.000000 1.000000 8.000000 243.000000 -33675155.000000
-675813.09997559 -989256.07000732 284.67001343 49.000000 1.000000 1.000000 8.000000 182.000000 -40318123.933594
-677016.58996582 -988227.55999756 474.51000977 64.000000 1.000000 1.000000 8.000000 190.000000 -39375033.687500
-676026.67004395 -989549.61999512 281.39999390 13.000000 2.000000 2.000000 8.000000 182.000000 -40318122.495117
-676209.44995117 -988218.00000000 392.50000000 43.000000 1.000000 1.000000 8.000000 182.000000 -40318114.675781
-676168.59997559 -988233.48999023 391.66000366 50.000000 1.000000 1.000000 8.000000 182.000000 -40318115.226563
-675945.23999023 -989068.34999847 320.66000366 41.000000 1.000000 1.000000 8.000000 243.000000 -33675160.000000
-675620.34997559 -988008.67999268 397.35000610 58.000000 1.000000 1.000000 8.000000 192.000000 -39291515.812500
-676623.29003906 -989443.64001465 373.35000610 35.000000 3.000000 3.000000 8.000000 243.000000 -33675168.500000
-675077.69000244 -988453.35998535 467.14001465 28.000000 1.000000 1.000000 8.000000 182.000000 -40318129.370117
-676613.18994141 -989180.11000061 404.13000488 28.000000 1.000000 1.000000 8.000000 182.000000 -40318113.127441
-677281.37011719 -988766.96000671 427.92999268 22.000000 3.000000 3.000000 8.000000 182.000000 -40318103.231445
-676120.89001465 -989230.83000183 319.76998901 52.000000 1.000000 1.000000 8.000000 243.000000 -33675162.000000
-676784.27001953 -988329.21002197 462.35998535 36.000000 1.000000 1.000000 8.000000 182.000000 -40318107.936523
-675939.23999023 -988658.48999023 384.88000488 12.000000 2.000000 2.000000 8.000000 182.000000 -40318119.961426
-676177.06994629 -989734.16998291 277.54000854 36.000000 1.000000 1.000000 8.000000 243.000000 -33675162.000000
-677282.30004883 -988104.94000244 447.92999268 35.000000 1.000000 1.000000 8.000000 190.000000 -39375037.250000
-675861.57000732 -989138.83999634 298.76998901 11.000000 1.000000 2.000000 8.000000 182.000000 -40318122.970215
-676470.05004883 -989636.84002686 279.50000000 36.000000 1.000000 1.000000 8.000000 244.000000 -33673979.000000
-676693.33996582 -989082.26999664 403.94000244 25.000000 1.000000 1.000000 8.000000 182.000000 -40318111.872070
-675691.32000732 -988453.51000977 371.41000366 116.000000 1.000000 1.000000 8.000000 191.000000 -39292358.062500
-677247.70996094 -989193.10000610 275.32998657 9.000000 2.000000 2.000000 8.000000 182.000000 -40318105.831055
-676834.54003906 -989168.44000244 379.35000610 22.000000 2.000000 2.000000 8.000000 243.000000 -33675172.000000
-676088.78002930 -989009.60000038 352.23001099 47.000000 1.000000 1.000000 8.000000 243.000000 -33675162.000000
-675866.60998535 -988392.39001465 316.00000000 23.000000 1.000000 1.000000 8.000000 191.000000 -39292360.750000
-675781.40997314 -989093.73000336 291.19000244 54.000000 1.000000 1.000000 8.000000 243.000000 -33675158.000000
-675685.04998779 -989783.08001709 278.89999390 18.000000 1.000000 1.000000 8.000000 244.000000 -33673990.500000
-676823.41003418 -989854.46002197 288.39001465 51.000000 1.000000 1.000000 8.000000 243.000000 -33675170.500000
-675530.09997559 -989346.04000854 336.70999146 31.000000 1.000000 1.000000 8.000000 182.000000 -40318127.570801
-676704.22998047 -988006.44000244 450.22000122 58.000000 1.000000 1.000000 8.000000 192.000000 -39291500.437500
-676289.32995605 -989396.60998535 344.35998535 33.000000 1.000000 1.000000 8.000000 182.000000 -40318118.355469
-675466.22000122 -988057.84997559 342.13000488 30.000000 1.000000 1.000000 8.000000 182.000000 -40318123.768066
-675793.83001709 -988333.71997070 372.92999268 20.000000 2.000000 2.000000 8.000000 192.000000 -39291514.187500
-676394.75000000 -989657.55999756 277.67001343 26.000000 1.000000 1.000000 8.000000 244.000000 -33673980.000000
-675272.50000000 -989682.83001709 304.38000488 41.000000 1.000000 1.000000 8.000000 182.000000 -40318131.775391
-676040.18994141 -989202.24000549 310.07998657 41.000000 1.000000 1.000000 8.000000 182.000000 -40318120.985352
-675945.80999756 -989953.54998779 329.16000366 34.000000 1.000000 1.000000 8.000000 244.000000 -33673987.000000
-677467.25000000 -988688.80999756 436.64001465 19.000000 1.000000 1.000000 8.000000 191.000000 -39292382.562500
-675549.15002441 -989444.42999268 318.42999268 30.000000 1.000000 1.000000 8.000000 182.000000 -40318127.744629
-676534.56005859 -988799.41000366 419.20001221 62.000000 1.000000 1.000000 8.000000 182.000000 -40318112.737305
-675690.84002686 -988888.98000336 320.11999512 32.000000 1.000000 1.000000 8.000000 182.000000 -40318124.016602
-677264.00000000 -988316.53997803 472.72000122 13.000000 3.000000 3.000000 8.000000 190.000000 -39375036.562500
-676875.35998535 -988114.60998535 471.83999634 79.000000 1.000000 1.000000 8.000000 190.000000 -39375032.062500
-675752.70001221 -988097.46002197 383.20999146 89.000000 1.000000 1.000000 8.000000 191.000000 -39292359.562500
-676573.53002930 -989072.11000061 406.33999634 25.000000 1.000000 1.000000 8.000000 182.000000 -40318113.228516
-675719.45001221 -988103.53002930 389.26998901 19.000000 2.000000 2.000000 8.000000 190.000000 -39375016.937500
-676136.60998535 -988576.05999756 432.25000000 61.000000 1.000000 1.000000 8.000000 182.000000 -40318116.753418
-676232.77001953 -988776.71000671 423.80999756 55.000000 1.000000 1.000000 8.000000 191.000000 -39292364.687500
-676138.42004395 -989265.10998535 321.60000610 48.000000 2.000000 2.000000 8.000000 182.000000 -40318119.954102
-676353.78002930 -989227.02999878 382.41000366 64.000000 1.000000 1.000000 8.000000 182.000000 -40318116.572266
-675241.67999268 -988707.60998535 468.82998657 56.000000 1.000000 1.000000 8.000000 190.000000 -39375008.812500
-675252.38000488 -988438.28997803 463.30999756 57.000000 1.000000 1.000000 8.000000 190.000000 -39375009.375000
-676860.03002930 -988664.55999756 448.86999512 43.000000 1.000000 1.000000 8.000000 190.000000 -39375031.062500
-675938.85998535 -989209.67999268 302.02999878 58.000000 1.000000 1.000000 8.000000 243.000000 -33675159.500000
-675570.75000000 -989330.42001343 329.39999390 31.000000 1.000000 1.000000 8.000000 243.000000 -33675154.000000
-676164.41003418 -988601.32998657 439.54998779 30.000000 2.000000 2.000000 8.000000 191.000000 -39292364.062500
-676063.63000488 -988388.46002197 399.19000244 21.000000 3.000000 3.000000 8.000000 191.000000 -39292363.312500
-677415.58007813 -989545.05999756 378.89001465 74.000000 1.000000 1.000000 8.000000 243.000000 -33675179.500000
-675194.97000122 -989153.27000427 412.04000854 57.000000 1.000000 1.000000 8.000000 182.000000 -40318130.515625
-676312.96997070 -989689.40997314 277.27999878 23.000000 1.000000 1.000000 8.000000 244.000000 -33673981.500000
-676157.94995117 -988339.13000488 413.61999512 20.000000 2.000000 2.000000 8.000000 191.000000 -39292364.500000
-675437.10998535 -988932.55000305 412.63000488 36.000000 1.000000 1.000000 8.000000 191.000000 -39292353.687500
-677240.10009766 -989618.44000244 320.35998535 13.000000 2.000000 2.000000 8.000000 244.000000 -33673968.000000
-676025.16003418 -989687.75000000 275.48999023 17.000000 1.000000 1.000000 8.000000 244.000000 -33673985.500000
-675522.33001709 -989832.91998291 280.86999512 42.000000 1.000000 1.000000 8.000000 244.000000 -33673993.000000
-675954.29998779 -989067.63999939 324.32000732 45.000000 1.000000 1.000000 8.000000 182.000000 -40318121.505859
-675295.85000610 -989583.20001221 339.42999268 65.000000 1.000000 1.000000 8.000000 243.000000 -33675149.500000
-676714.35998535 -989402.48001099 378.73001099 90.000000 1.000000 1.000000 8.000000 243.000000 -33675170.000000
-676826.66003418 -988318.50000000 465.22000122 16.000000 2.000000 2.000000 8.000000 182.000000 -40318107.368164
-675858.27001953 -988714.77999878 348.32998657 11.000000 2.000000 2.000000 8.000000 190.000000 -39375018.125000
-676412.46997070 -988012.15997314 413.50000000 45.000000 1.000000 1.000000 8.000000 192.000000 -39291504.625000
-676813.57995605 -989702.88000488 276.36999512 30.000000 2.000000 2.000000 8.000000 243.000000 -33675171.000000
-675220.78999329 -989940.11999512 285.07000732 22.000000 1.000000 1.000000 8.000000 243.000000 -33675148.000000
-675289.63000488 -988951.52000046 422.42001343 95.000000 1.000000 1.000000 8.000000 182.000000 -40318128.750488
-677274.56005859 -989524.07000732 331.17001343 21.000000 2.000000 2.000000 8.000000 182.000000 -40318106.506836
-675568.59002686 -989344.14999390 327.76000977 50.000000 1.000000 1.000000 8.000000 243.000000 -33675154.000000
-676047.92004395 -989203.17999268 310.95999146 49.000000 1.000000 1.000000 8.000000 243.000000 -33675161.000000
-675787.46002197 -988703.44000244 317.02999878 9.000000 2.000000 2.000000 8.000000 191.000000 -39292359.187500
-675334.52999878 -989425.67001343 370.11999512 32.000000 1.000000 1.000000 8.000000 182.000000 -40318129.940430
-676185.83996582 -989962.85998535 282.39999390 22.000000 1.000000 1.000000 8.000000 243.000000 -33675161.500000
-676170.85998535 -989180.11000061 337.67001343 47.000000 1.000000 1.000000 8.000000 182.000000 -40318119.148438
-677096.29003906 -989300.07000732 284.20999146 28.000000 2.000000 2.000000 8.000000 182.000000 -40318108.117188
-675999.71997070 -988481.13000488 380.19000244 18.000000 2.000000 2.000000 8.000000 191.000000 -39292362.375000
-675647.60998535 -989836.15002441 283.85998535 46.000000 1.000000 1.000000 8.000000 243.000000 -33675154.000000
-675993.19000244 -989732.59997559 275.14001465 21.000000 1.000000 1.000000 8.000000 182.000000 -40318123.482910
-675957.72998047 -989407.57000732 285.29998779 68.000000 1.000000 1.000000 8.000000 243.000000 -33675159.500000
-675077.18000031 -988324.32000732 455.82000732 12.000000 3.000000 3.000000 8.000000 190.000000 -39375007.000000
-676077.56005859 -988617.01998901 419.42001343 92.000000 1.000000 1.000000 8.000000 190.000000 -39375021.125000
-675766.98999023 -988667.26998901 307.70001221 19.000000 1.000000 1.000000 8.000000 191.000000 -39292359.000000
-677487.72998047 -989690.28997803 403.77999878 51.000000 1.000000 1.000000 8.000000 244.000000 -33673964.000000
-676871.28002930 -989198.69000244 366.23999023 26.000000 2.000000 2.000000 8.000000 243.000000 -33675172.500000
-677042.52001953 -989885.27001953 360.44000244 65.000000 1.000000 1.000000 8.000000 244.000000 -33673971.000000
-675379.64001465 -989441.22000122 356.16000366 30.000000 2.000000 2.000000 8.000000 182.000000 -40318129.541504
-677084.35009766 -989308.76998901 286.05999756 49.000000 1.000000 1.000000 8.000000 243.000000 -33675175.500000
-676144.25000000 -988836.85000610 409.55999756 16.000000 2.000000 2.000000 8.000000 190.000000 -39375021.750000
-676045.95996094 -989991.52001953 318.94000244 43.000000 1.000000 1.000000 8.000000 243.000000 -33675159.000000
-676449.35998535 -988835.44000244 418.64999390 54.000000 1.000000 1.000000 8.000000 182.000000 -40318113.854004
-677351.11010742 -989729.17999268 346.23001099 13.000000 3.000000 3.000000 8.000000 243.000000 -33675178.000000
-676826.36999512 -988896.58000183 408.25000000 35.000000 1.000000 1.000000 8.000000 182.000000 -40318109.611816
-676868.69995117 -989734.36999512 271.07998657 24.000000 1.000000 1.000000 8.000000 244.000000 -33673973.500000
-677140.39990234 -988579.01000977 470.54000854 37.000000 1.000000 1.000000 8.000000 190.000000 -39375034.687500
-676366.50000000 -988063.67999268 407.76998901 23.000000 2.000000 2.000000 8.000000 192.000000 -39291505.500000
-675363.00000000 -989501.33999634 342.85000610 68.000000 1.000000 1.000000 8.000000 243.000000 -33675150.500000
-676474.65002441 -989631.78002930 282.13000488 81.000000 1.000000 1.000000 8.000000 243.000000 -33675166.000000
-677164.00000000 -988547.64001465 476.47000122 12.000000 3.000000 3.000000 8.000000 191.000000 -39292378.062500
-677491.36010742 -989634.21997070 398.08999634 65.000000 1.000000 1.000000 8.000000 243.000000 -33675180.000000
-675369.73999023 -988723.38000488 439.64001465 35.000000 2.000000 2.000000 8.000000 191.000000 -39292353.000000
-675842.78002930 -989134.00000000 295.61999512 38.000000 1.000000 1.000000 8.000000 243.000000 -33675158.500000
-675364.55999756 -988013.03997803 344.42999268 13.000000 1.000000 1.000000 8.000000 191.000000 -39292354.437500
-677462.85009766 -989185.47999573 272.88000488 22.000000 2.000000 2.000000 8.000000 182.000000 -40318103.013672
-676805.63000488 -988589.32000732 461.73001099 10.000000 2.000000 2.000000 8.000000 191.000000 -39292372.375000
-675490.95999146 -989404.86999512 331.38000488 11.000000 2.000000 2.000000 8.000000 182.000000 -40318128.224609
-675284.73001099 -989238.03999329 404.08999634 62.000000 1.000000 1.000000 8.000000 243.000000 -33675150.000000
-676160.68994141 -989163.53999329 336.76000977 40.000000 1.000000 1.000000 8.000000 182.000000 -40318119.217285
-676380.66003418 -988659.82000732 439.44000244 48.000000 1.000000 1.000000 8.000000 190.000000 -39375025.000000
-675488.13000488 -988024.51000977 368.70001221 9.000000 2.000000 2.000000 8.000000 190.000000 -39375013.687500
-675956.76000977 -988991.60999966 344.60000610 19.000000 1.000000 1.000000 8.000000 191.000000 -39292360.687500
-675085.26999664 -989573.83001709 374.54000854 29.000000 1.000000 1.000000 8.000000 182.000000 -40318133.278320
-676563.38000488 -989180.05999756 402.63000488 56.000000 1.000000 1.000000 8.000000 243.000000 -33675168.000000
-676524.30004883 -988640.05999756 440.07000732 44.000000 1.000000 1.000000 8.000000 191.000000 -39292368.500000
-675670.72998047 -989068.69999695 318.57998657 45.000000 1.000000 1.000000 8.000000 243.000000 -33675156.000000
-677108.85009766 -989468.45999146 276.25000000 23.000000 1.000000 1.000000 8.000000 244.000000 -33673969.500000
-676514.48999023 -989175.49000549 399.39001465 59.000000 1.000000 1.000000 8.000000 182.000000 -40318114.281250
-677226.60009766 -988783.03999329 427.51000977 29.000000 1.000000 1.000000 8.000000 190.000000 -39375035.625000
-677319.39990234 -989940.23999023 378.79998779 15.000000 3.000000 3.000000 8.000000 244.000000 -33673967.000000
-676053.60998535 -988155.03002930 397.39999390 86.000000 1.000000 1.000000 8.000000 191.000000 -39292363.562500
-675355.89001465 -988552.95999146 449.39001465 53.000000 1.000000 1.000000 8.000000 182.000000 -40318126.475098
-675314.76000977 -989408.22000122 374.41000366 70.000000 1.000000 1.000000 8.000000 243.000000 -33675150.000000
-676307.18005371 -988012.39001465 417.35998535 67.000000 1.000000 1.000000 8.000000 191.000000 -39292367.000000
