49.51026072235453   18.833196248707964
49.52695220967678   18.837433715693464
49.54762278156619   18.834539835844794
49.590255839235624   18.82017378759025
49.59929921488691   18.81572961413042
49.61676584856514   18.803947387362086
49.6263776658966   18.799296508327245
49.66079416931552   18.792578572643038
49.66859731061743   18.788444458445042
49.67583201113848   18.773458292566204
49.67407501285163   18.757852009962335
49.669682516235184   18.742245727358466
49.668907368979944   18.727672974428287
49.67381663043318   18.715063923561274
49.68885447225614   18.695426880446234
49.69577911441468   18.6824044184292
49.69856964057652   18.668141723861538
49.70032663976269   18.63734256980382
49.70637278277775   18.62401005032359
49.713865865717196   18.61770552578946
49.74295969743213   18.607680298207242
49.774378967315556   18.58411584467052
49.80476471022325   18.566752563779858
49.831584777915225   18.566339151730517
49.852203674759835   18.593831013890224
49.861453755986076   18.567269327717327
49.87370107074787   18.562928507045
49.88904897093329   18.565408975743708
49.90718739817993   18.559207803997026
49.91297515877659   18.54442834459246
49.896697082604305   18.505050902876917
49.89664540666024   18.48179650860203
49.9231554159897   18.407485800429413
49.93204376290936   18.36883182732703
49.92883982379891   18.328524211423257
49.92883982379891   18.33069462086013
49.92827138301794   18.33245161914698
49.927134500556804   18.33379520628381
49.925429179113394   18.33493208784563
49.909667867777955   18.306923461748397
49.90780751580428   18.292454060706405
49.918297831379846   18.272610311117035
49.92506744390744   18.267029256095327
49.9405703737238   18.260104613936846
49.946048075958004   18.255867146951346
49.95173248286784   18.24398156739545
49.95488474603428   18.220520466646292
49.95829538982042   18.208738240777222
49.97581370034203   18.177215617207025
49.98123972573279   18.162022745753177
49.989042867034755   18.098150675413365
49.9987580362544   18.085128214295707
50.017206522762876   18.091639445304224
50.04180450507391   18.033245076299295
50.04408711033193   18.01907389944097
50.04676544157195   18.002445923140897
50.02413116492136   18.006890095701408
50.02268422499702   18.0121610923606
50.0242861945523   18.020119262394076
50.02413116492136   18.02869755005196
50.017206522762876   18.035725544997945
50.00723297112478   18.037482544184115
50.00284047540765   18.032418253099934
49.996587626817586   17.999862100755422
49.995812479562346   17.95976119042666
49.99276357008273   17.941571085437317
49.97581370034203   17.91211551941575
49.96868235260854   17.8757353112357
49.973643290905216   17.839355102156276
50.01519114205763   17.77455285672903
50.02521636963979   17.763287393898167
50.03715362603907   17.75543257665214
50.04950429358831   17.74985152163049
50.06056304994485   17.743030232259457
50.06908966075929   17.731971475902924
50.0751358037744   17.722566365045736
50.08087188842694   17.719465779622055
50.086349589761824   17.72266971873256
50.09146555589075   17.731971475902924
50.09218902630255   17.732384887952264
50.09296417265847   17.732591594426594
50.093894348645335   17.732384887952264
50.094876200576266   17.731971475902924
50.096788227594686   17.717915486910215
50.10546986893934   17.690733683113024
50.107743632063034   17.67760786920786
50.10614166340707   17.66696252400135
50.10298940024069   17.65848758913097
50.10180084273475   17.648359008761304
50.10634836898208   17.632752726157435
50.14588083942925   17.584176880059033
50.15316721589437   17.582109823409667
50.16324412031997   17.58944787581885
50.16680979463638   17.600403279387876
50.16799835214232   17.64866906712382
50.17471628872579   17.675334106084165
50.19109771768558   17.717915486910215
50.20236317961712   17.738172647649606
50.21750437422753   17.747577759406113
50.23600453757939   17.731971475902924
50.2427224732636   17.721429484383236
50.2527993776892   17.719155721259597
50.26194610612794   17.7211194251214
50.28065297505481   17.731971475902924
50.28380523732187   17.73424523902662
50.28680246995805   17.73496870943842
50.289489645131084   17.73445194460163
50.291763407355404   17.731971475902924
50.30767974922111   17.71357466623789
50.311038717063184   17.70799361121624
50.31506947757441   17.69104374057622
50.312382304200014   17.684532511366342
50.30556101482904   17.681948689880187
50.297396139220496   17.676367634858536
50.27109283456673   17.646705363261958
50.26210113575888   17.62954878704693
50.25822540307996   17.606397745559548
50.26835398434895   17.516997517821267
50.26556345638846   17.469351846810355
50.2427224732636   17.439999633576292
50.24050038698334   17.434831990603925
50.239776916571486   17.42956099394479
50.24055206292741   17.424186645397413
50.2427224732636   17.41912235521255
50.26132598940296   17.40982059714287
50.27264312817789   17.388013142792374
50.271557922560135   17.365895630079308
50.253264465682605   17.355043579297785
50.25972401984768   17.341711059817612
50.270007629848294   17.334786417659075
50.28266835576005   17.33282271289795
50.295690816877766   17.334062947247276
50.29822296241986   17.32951542189926
50.30111684226853   17.325381306801944
50.3044758101106   17.321867309328923
50.30824819000202   17.319076782267757
50.313002421824365   17.337473591932792
50.31863515279014   17.31680301914406
50.31775665274739   17.269880819444325
50.3221491502631   17.246109659433273
50.33641184483082   17.210866332815044
50.34323313420185   17.201047810807893
50.351914774647184   17.19505334463622
50.36483388297739   17.18885217288954
50.375685933758916   17.185441528204024
50.37847646082008   17.187611939439478
50.38075022394372   17.17593306455933
50.37671946343255   17.14544396976345
50.376822815320736   17.131698038233935
50.38116363599306   17.11888228359055
50.39366933227393   17.095627889315665
50.39795847610287   17.084672484847374
50.41635528576785   16.981939737628863
50.414598286581736   16.958788696141482
50.42026669725033   16.9440046286108
50.43108306922829   16.91579390416541
50.43294342120197   16.892952921040546
50.42240142878296   16.865771118142618
50.40844879167844   16.865874470930123
50.37821807930095   16.897913859337166
50.35992462242342   16.909282674056215
50.338633932010396   16.91672408015222
50.31925527041443   16.92654260215943
50.30690460196587   16.9452494710863
50.297757874426395   16.969640746923005
50.28494211888375   16.98783085101303
50.2670103963128   16.998372843432037
50.2427224732636   16.999819783356372
50.231663716907065   17.01284224357471
50.21848622705778   17.01480594923521
50.20995961534402   17.0083980710142
50.21290517203613   16.99630578588335
50.22313710609262   16.98566044067684
50.229183248208415   16.981009563440637
50.23181874743727   16.975015096369646
50.23197377526958   16.960338988853323
50.2292349250518   16.9575484617921
50.21714263992095   16.95775516736711
50.21347361281704   16.95527469866846
50.21306020166702   16.946282999860614
50.21729766865252   16.927782837408074
50.21709096307751   16.918997843275918
50.211768289574934   16.907008910932518
50.19693715422636   16.890369099554334
50.191562805678984   16.880963989596466
50.189728864995175   16.869762081854617
50.187738749843504   16.857606241634812
50.18861724898693   16.837555785571112
50.186756897013254   16.817712035981742
50.174406230363275   16.79528446400684
50.156939595785786   16.777301066391146
50.1434003707306   16.766449015609624
50.13228993842995   16.75425337679195
50.12195465158595   16.732032511291436
50.09492787741965   16.70123335723372
50.09301585040123   16.660615682068112
50.1070201625505   16.618654418866413
50.12743235292078   16.58423791544749
50.14221181232534   16.56666792808244
50.15471751040485   16.557262817225308
50.18882395456188   16.54589400340558
50.20773752906376   16.535041951724736
50.227994690702474   16.504759563403184
50.2427224732636   16.492047159748665
50.25533152323129   16.477577758706673
50.28499379482781   16.452152954095595
50.297964580001405   16.437786905841108
50.30793813074018   16.415566040340536
50.318376770371685   16.371020955652625
50.33351796498215   16.35324426271262
50.34225128227092   16.35066044122641
50.351346333866275   16.35148726442577
50.36064809193596   16.350763794013915
50.36994985000564   16.34373579906793
50.37186187792338   16.334227335423236
50.37186187792338   16.28864872196101
50.369433085168794   16.276969848879446
50.36545400060169   16.269838501145955
50.36442047182737   16.262500447837454
50.371035054724075   16.24968469229475
50.376822815320736   16.244930459573084
50.402609355137656   16.23201135214225
50.406278381342304   16.199558552585188
50.42415842706981   16.19015344262732
50.440023092092076   16.198008259873347
50.437129211344086   16.217955363149542
50.440178121722965   16.216095011175867
50.45128855402362   16.211237426566015
50.45165028922952   16.21733524642451
50.45537099227755   16.22653365080737
50.456766256257765   16.23201135214225
50.46498280870969   16.24741092917111
50.47164906755046   16.264980917435423
50.47986562090176   16.279967082415
50.492784729231914   16.287718546873464
50.49604034428654   16.303428182264838
50.49035593737665   16.33546756977256
50.492784729231914   16.35262414508827
50.50120798815817   16.36202925594546
50.514178772432444   16.382596475946684
50.52182688410346   16.39117476360451
50.52125844332255   16.388384237442665
50.52714955670672   16.38828088375584
50.534849345221176   16.38962447089267
50.53991363540598   16.39117476360451
50.5457013960027   16.395515584276836
50.548491923063864   16.398306111338
50.551799214961875   16.398306111338
50.55934397384539   16.39448205640184
50.56756052719663   16.425901326285214
50.58662913043008   16.41680627468986
50.64404164660476   16.33164351393708
50.655100402961295   16.300947713566188
50.66042307556455   16.268288208434114
50.660888163557956   16.23201135214225
50.659131165271106   16.219092244711362
50.649105936789624   16.21175419140286
50.636341858090304   16.204519490881864
50.62657501292654   16.19232385206419
50.62409454422789   16.175477335110998
50.6286420695759   16.16028446455647
50.64404164660476   16.12865848819871
50.64678049772186   16.086490519422
50.60859161441152   16.024478800156544
50.603630677014166   15.982000773017319
50.60662790965034   15.979933714569313
50.609780171917464   15.979210245956153
50.61298411102797   15.980037068256138
50.61623972608254   15.982000773017319
50.62368113217855   15.996366821271806
50.63556671173444   15.998640584395503
50.64936431920802   15.993162882161357
50.6629035442632   15.984481241715969
50.678613179654576   15.971458780598311
50.686881408949944   15.958022908330577
50.68838002571766   15.941486449739898
50.67422068303813   15.882265258434984
50.67370391910066   15.854566690700267
50.675150859024995   15.848158813378575
50.72977284813851   15.797619263418312
50.735870667097686   15.794415323408487
50.74269195556934   15.792244913971672
50.74419057233712   15.767440226085625
50.7314264936378   15.684344522881474
50.733545227130605   15.673802529563147
50.73809275337794   15.666464477153966
50.75096018486471   15.653235309561921
50.75576609442976   15.64186649574225
50.800207825430846   15.441775349852549
50.79798573825127   15.400124145013308
50.79064768494277   15.390822387843002
50.78000233973626   15.38131392419831
50.772612609584314   15.370255167841776
50.772949109813624   15.368578784783153
50.77545481438824   15.356095825162242
50.78372304278423   15.34968794784055
50.793231506428924   15.350514770140592
50.80325673491046   15.353305298101077
50.81297190413011   15.352995238839242
50.8317304490011   15.34100630559658
50.839688619034575   15.32581343594137
50.84475291011876   15.307726684638851
50.854881489589104   15.287779581362656
50.86573354126995   15.277134236156144
50.88226999986068   15.265352010287074
50.8998916631698   15.256050252217392
50.914102681793395   15.253053018681896
50.93249949055911   15.26008101362794
50.942989807033996   15.26876265497259
50.952653300309635   15.269796182847585
50.96903472926937   15.253776489093752
50.97740631135224   15.22711145013335
50.97797475213315   15.170164021952075
50.99265085875021   15.160758911094945
51.00784373020406   15.156108032060104
51.01156443325203   15.14442915807922
51.00582834859944   15.131510050648387
50.992754212437035   15.12251835094122
50.99265085875021   15.12251835094122
50.98247060243642   15.11921105904321
50.98102366161277   15.107945597111666
50.98541615822916   15.093889607219637
50.992754212437035   15.082107381350625
51.00262441038831   15.073632445580927
51.00965240533429   15.022989542833159
51.020685323269106   15.00397261644315
51.01244293239546   15.001182087583345
51.00784373020406   14.996531209447824
51.001177469564595   14.982061808405774
51.00040232410805   14.976377400596618
50.998697001765265   14.970692992787463
50.99606150343567   14.9656287026026
50.99265085875021   14.961081176355265
50.99265085875021   14.96097782356776
50.981333719975225   14.96521529055326
50.973220520310804   14.98144169078148
50.959216207262216   14.996634562235329
50.93017405239067   14.997771443797149
50.92510976220581   14.994670856574828
50.91808176725982   14.98485233456762
50.914671122574305   14.982061808405774
50.909090067552654   14.981131632418965
50.90526601171712   14.981751749143939
50.90242380781251   14.982888630705816
50.86769724603113   14.98412886505514
50.85906728242918   14.982061808405774
50.86438995413312   14.867856892781447
50.857982075912105   14.831683390176352
50.858447163905566   14.810392699763327
50.877050680044874   14.810496052550832
50.89183013944944   14.824655395230366
50.916841532910496   14.86020878111043
50.99265085875021   14.910644979182507
51.06404184955176   14.955293416657923
51.07551401795763   14.9582906492941
51.09473765082197   14.95849735486911
51.1045820112509   14.960254354055223
51.11150665340938   14.9656287026026
51.1161316940225   14.973380167960443
51.122797953762586   14.979994750857088
51.13563954682769   14.982061808405774
51.16090932270714   14.983198689967594
51.18896962474844   14.991363565576137
51.21560882618644   15.00490279242996
51.23677032539024   15.02205936684635
51.239560851552085   15.017925251749034
51.242661438774405   15.014307900589188
51.27167775522429   15.019475545360194
51.29128896081693   15.00490279242996
51.30800628656095   14.982268513980785
51.32839263940883   14.963768352427564
51.33529144314565   14.96097782356776
51.35322316481728   14.956637003794754
51.35415334080409   14.956637003794754
51.39653937719055   14.95064784632109
51.422908834175416   14.94692183457505
51.435414529556965   14.955396769445429
51.44918630040752   14.945061482601375
51.46133026058311   14.926561320148835
51.46897837315345   14.910955038444342
51.47574798658036   14.88832075999511
51.48442962702575   14.841398559396055
51.49259450443287   14.81855757627119
51.49269785632106   14.81855757627119
51.502102966278926   14.797473592332494
51.51582305938672   14.732154582068347
51.53024078358533   14.710037067556698
51.54082806406399   14.706769960065628
51.54799163810367   14.704559367121135
51.567421977442336   14.712724242729678
51.58661977188501   14.732154582068347
51.60664439042631   14.74393680793736
51.63297353170316   14.74228316243807
51.658346658571475   14.732464640430862
51.67563242599573   14.719545532100653
51.700773010665955   14.670969686002252
51.71720611556981   14.648438761239902
51.742630921080206   14.638103475295225
51.76901173920044   14.634176065772863
51.780535584449694   14.620326782355164
51.78831288732994   14.602240031052645
51.803893332411405   14.585806925249472
51.825080668238286   14.582809692613296
51.842418111606605   14.595935507417778
51.878617452633364   14.653296345849753
51.893887837553734   14.671693156414108
51.91189707359115   14.687092733442967
51.93145660413904   14.695567667413968
51.99251230899591   14.69908166488699
52.002227478215616   14.70445601433363
52.02643788689903   14.72605676220985
52.035894673700284   14.730294230094671
52.04506724056074   14.732154582068347
52.054033101846244   14.735358520279533
52.062533875138286   14.74300663284987
52.0766673793961   14.761403443414224
52.10669138619858   14.696394490613272
52.1210315960314   14.68636926303111
52.14697316457995   14.692467081990287
52.16516326956929   14.703215779984305
52.179451802558674   14.707039835819842
52.193378601241534   14.692570434777792
52.19957977298816   14.692570434777792
52.21544443801048   14.712104126004647
52.23590830522414   14.712414184367162
52.25347829258919   14.696911254550798
52.260997213050985   14.668902627554246
52.265053812883195   14.64048059030705
52.27575083493315   14.606580850825651
52.29122792632779   14.584153279750126
52.30941803041782   14.590147745921797
52.338511861233485   14.56916711387123
52.38215260835625   14.545395955658876
52.42186594685603   14.539814900637225
52.44979705858742   14.591594685846133
52.47328399685904   14.615779256107828
52.4967450976082   14.632315714698507
52.50741628033711   14.627664835663666
52.51780324312523   14.60906132042362
52.541031799877715   14.616812784882143
52.57692108164264   14.644821410979375
52.59252736424651   14.613712198559142
52.59646296299542   14.60796482831421
52.63619394979099   14.549943481006892
52.65063751241132   14.490102172976947
52.67456370115394   14.461370075568595
52.679963888122984   14.44235314917853
52.6860875464032   14.431914510446347
52.72711863271877   14.397704711703113
52.73815155065358   14.38220178188675
52.78571970639939   14.275955037195274
52.79458221489733   14.248669882409217
52.817991638803164   14.216010374579184
52.823365987350485   14.195959920314124
52.824347839281415   14.173739053914232
52.82832692474784   14.152758422763043
52.83659515404315   14.135395141872323
52.85065114393518   14.123922972567186
52.864629618562105   14.150484659639403
52.876747742114674   14.16081994558408
52.8956613166165   14.164954060681396
52.908167012897366   14.162680297557756
52.943642884411645   14.150484659639403
52.95369395041553   14.144490192568355
52.95992095968461   14.144490192568355
52.98165089966932   14.192859333991123
53.000874533433034   14.253734171694703
53.029219055415126   14.312645304637158
53.04862355543281   14.34334110500805
53.06668446921293   14.356776977275729
53.0750560512958   14.359567505236214
53.13166758269284   14.389539835195308
53.14613698373489   14.387472779445261
53.16029632641437   14.38147831237427
53.17654856416493   14.377860962113743
53.18985524522344   14.380651489174909
53.202076721563515   14.387782836908457
53.21099090600558   14.397704711703113
53.21440155069109   14.40824670412212
53.22099029606534   14.415584757430679
53.25184112606718   14.44162967966605
53.25907582658817   14.428607219447656
53.264656880710504   14.424679809925351
53.27243418359075   14.409383585683997
53.27879038496832   14.40328576672482
53.288608907874845   14.40018518040182
53.306747335121486   14.39956506367679
53.31522226999181   14.398014770065629
53.33401700268257   14.391260510764027
53.392297668602566   14.370316202330912
53.444077453811474   14.35987756359873
53.46521311459361   14.33889693244754
53.48609039385667   14.328458292816038
53.508517964932196   14.30417036976678
53.529136861776806   14.296935669245784
53.551306051333256   14.296212198833985
53.587892965088315   14.298899373107645
53.59776316393891   14.297039022033289
53.63662384081766   14.27605838998278
53.65620920888796   14.260968872215756
53.671763814648386   14.265102986413751
53.699875794432444   14.263862752064426
53.699976159672076   14.26390072054187
53.70062897304871   14.273692253894467
53.7052676446861   14.291677280182398
53.71255117389762   14.304860872831057
53.720689194850536   14.306162957154811
53.72797272316268   14.28858483182455
53.73143138175294   14.298350456608318
53.73484935141647   14.301605665169348
53.73826732018074   14.298350456608318
53.74164459821969   14.28858483182455
53.749090886735075   14.29420006558064
53.74388255393677   14.304047070915658
53.739732163808355   14.318044467278412
53.734198308804935   14.330414258910992
53.714911199991946   14.342051629179366
53.70844147269588   14.356211784846039
53.70062897304871   14.38355553496001
53.687811590632464   14.403575066036524
53.68235911707967   14.414561393693418
53.67788320474614   14.458669467222194
53.66644928630558   14.512380405331498
53.65778229401769   14.531016472432327
53.64476145977358   14.546234570768888
53.60724518391817   14.57911217498696
53.598374741601106   14.590586785052153
53.60130442885634   14.595876498401708
53.617336330007674   14.597015820723584
53.62665436400772   14.601573112709048
53.63275788017211   14.6100366549677
53.63922760566953   14.623789909676645
53.64301178556548   14.623057488312497
53.64695872566472   14.622813346658688
53.65281810107456   14.623789909676645
53.6546898456599   14.61304772187492
53.65607330873627   14.587412957042375
53.65965403860304   14.575938346977182
53.704046941812976   14.544932488243774
53.72614166930265   14.551442905365832
53.76951731966864   14.575938346977182
53.76349518405556   14.587412957042375
53.76520416933698   14.597341342029381
53.76902903905898   14.608246290034288
53.76951731966864   14.623789909676645
53.794745184442775   14.616709832292997
53.81484609607054   14.620371940912378
53.832709051981226   14.627289258992164
53.851507880184556   14.630625847205124
53.851507880184556   14.623789909676645
53.839544988610385   14.621348503930335
53.831610418586024   14.613536004283219
53.81732819164279   14.589610222034196
53.81049225501363   14.595876498401708
53.8126488301794   14.587087435736635
53.8153343766802   14.580088738004918
53.819077866750206   14.574473504248886
53.824164130070585   14.569102410348023
53.827093817325874   14.574229362595077
53.834214585434836   14.583262566014639
53.8378360051276   14.589610222034196
53.85480377767226   14.575856967325251
53.86277903932125   14.55209394617873
53.86961497595041   14.441172722443241
53.87982819241722   14.425547722249632
53.89931875215876   14.438161654636701
53.90131256712135   14.434906446075672
53.90159739770178   14.434092644160273
53.902411199617234   14.433767122854476
53.90615468968724   14.431895379168452
53.896144924148985   14.422048372934114
53.894720770347305   14.414235873286998
53.897406316848105   14.405772331927608
53.89931875215876   14.393809441252756
53.89728424737018   14.385101759138934
53.892320054427046   14.378265820711079
53.88589101785624   14.371592644285158
53.87938060073418   14.363047722374517
53.87596263196997   14.39291425878605
53.871568101087064   14.409190299792556
53.865139065415576   14.417653842051209
53.853013413638166   14.415700716914614
53.8441836611471   14.40528405041863
53.840725001657574   14.39258873837963
53.84467194175676   14.38355553496001
53.834458726189325   14.356211784846039
53.83185455934051   14.342621290340333
53.8310000666998   14.328298372671838
53.824164130070585   14.328298372671838
53.82099030206086   14.342051629179366
53.81891510564765   14.341319206915898
53.81732819164279   14.328298372671838
53.8181826842835   14.31885826919381
53.82306549667538   14.30307050879702
53.824164130070585   14.291351758876601
53.83079661667057   14.274668816013104
53.871975002044735   14.226573112559151
53.87832265806429   14.203135612718427
53.87815729342441   14.200818736995188
53.893765767676086   14.192755981203618
53.906478170431285   14.175289348424712
53.90813181593063   14.184797811170085
53.911490783772706   14.193066039566133
53.93846263184503   14.210052930798156
53.934027411136185   14.226573112559151
53.92865631723532   14.237478060564115
53.92182037970679   14.268077019239115
53.9169782571409   14.367035352299695
53.92182037970679   14.406748894046245
53.934027411136185   14.445567254225466
53.96523672079809   14.517344597375313
54.03461334802762   14.7819116552987
54.0698102894134   15.010101758789176
54.13886139533719   15.288340690870257
54.1671410177438   15.46851647235735
54.19843170795701   15.665782096766407
54.24998607000117   15.859711133861765
54.26178619957352   16.02084394639104
54.28351471593146   16.131521030271358
54.276027735791445   16.11890709698497
54.26300690334597   16.0693465499034
54.25397369992635   16.09107506626134
54.26300690334597   16.17920983186832
54.26919179916223   16.17920983186832
54.26919179916223   16.172373894339785
54.276597397851674   16.172373894339785
54.276597397851674   16.22006269593669
54.28148021024356   16.21957441532703
54.282375392710264   16.218516471757823
54.282049872303844   16.21664472717248
54.28351471593146   16.21322675930753
54.29962799673473   16.215179884444183
54.300279039346265   16.19214928466181
54.29026927290869   16.137705925188357
54.30023834772163   16.172129753585295
54.31610748866973   16.21355227971401
54.35858795836765   16.27540123787685
54.34369538043751   16.262868686041088
54.330023505380495   16.24048912887025
54.322577215965794   16.23178144585711
54.32453034110239   16.24089602982798
54.32672760609421   16.259043816319092
54.33047109616422   16.27491295726719
54.340236720947985   16.288828972179374
54.349920966079765   16.32390384228853
54.35858795836765   16.33676191543009
54.373114325166   16.324880405306487
54.37348053629779   16.305023634433212
54.36725494975616   16.29623457086882
54.35858795836765   16.281586133693168
54.40131256702142   16.323985221940518
54.48826731958121   16.439789258967153
54.48212311359089   16.439789258967153
54.47235748880712   16.43441816506629
54.46987539323487   16.444509311155855
54.47345612220232   16.460622591959122
54.48212311359089   16.473399285448693
54.495550847893355   16.47974694056893
54.4996605490951   16.47388756605835
54.496486721085375   16.460948113264863
54.48826731958121   16.44605553533472
54.51215241110492   16.466563347020895
54.532416082935924   16.50131269582431
54.55719635602708   16.56959069055796
54.575140691589695   16.778493686134766
54.59393951979308   16.859629754009973
54.598130600646755   16.902191601561185
54.60602448084518   16.93995201907046
54.66705963709262   17.035817904672626
54.74900950688328   17.337412956942444
54.790432033011996   17.71566816475405
54.82412344004479   17.885427279745215
54.838324286436716   18.152354362863605
54.838324286436716   18.316905144157147
54.833482163870826   18.339528842082473
54.81513092735048   18.375824415064756
54.81110260580067   18.389170768815973
54.80829498892268   18.410166862910444
54.690090235975674   18.75171959678204
54.64321523629417   18.813975456801927
54.632228907737954   18.824066601992115
54.61668528899497   18.83432050918418
54.60309479358989   18.835297071302875
54.598130600646755   18.817637566320684
54.60154857031034   18.81324303543778
54.608832097723166   18.808360222146575
54.616034247282755   18.802256706881565
54.62352122562413   18.784027539839144
54.642279364001524   18.771820509309123
54.654486395430865   18.75538170720006
54.70123932473513   18.707774285255084
54.703802801757945   18.698496941081032
54.7079938817123   18.663422070971876
54.710150457777445   18.654551628654815
54.7195498723288   18.645030143726217
54.72524648573676   18.616709832392928
54.74900950688328   18.556976758670544
54.76536692934036   18.498220247966117
54.77317942898753   18.488780143588826
54.787665105959945   18.456309441227802
54.789984442228274   18.44776451931716
54.78681061421855   18.43555748788782
54.78168366107218   18.42920983186832
54.753119208085025   18.415049675302328
54.746527411311035   18.413096550165733
54.73191966396138   18.413096550165733
54.728216863717364   18.418467644066595
54.72199127807505   18.4423934254163
54.718247788904364   18.44776451931716
54.7060407565757   18.459808789644
54.68756744967811   18.474457226819595
54.67991771023418   18.473887565658686
54.673285222734876   18.47006269593669
54.6667341166862   18.470388217242487
54.65961334767792   18.48194420695961
54.64008209811038   18.475922071346588
54.63178131695429   18.487315299961153
54.63410065322262   18.50635826891903
54.64655182540645   18.522959832130596
54.62995026219488   18.517100456720755
54.61668528899497   18.52515709712236
54.60545481968421   18.537608269306247
54.560003972905065   18.562836134080385
54.55036041939792   18.5706486337275
54.527411200166796   18.56674238435363
54.487860418623484   18.56755618626903
54.45038483259401   18.57406660159245
54.43366119990452   18.588063997955203
54.43060944227199   18.603770378700062
54.41693756721503   18.634287956823812
54.413804429031245   18.64991295701742
54.41299062711579   18.66334069131989
54.40997955930925   18.680023634183442
54.404527084857136   18.694346550053297
54.395819402743314   18.700450066217627
54.382025458208375   18.717295769284362
54.350165105934934   18.885915561054333
54.34853750210408   18.92318769615531
54.35858795836765   18.95435631599122
54.35350169504727   18.96290123790186
54.349758204977206   18.974619987822223
54.344916083310636   19.002126498139432
54.37763092732547   19.37720787884058
54.40102773644094   19.45997154964732
54.4063988303418   19.49927819133552
54.41494375225244   19.531016472332396
54.4523786475566   19.592539910088817
54.45673248861351   19.60954837335879
54.446651916752614   19.630770304306168
54.43667836511452   19.68027632639138
54.43425566886407   19.758255974433723
54.42784169593756   19.964703409834556
54.41574941080671   20.352069946071197
54.406783549521265   20.64083784928738
54.39781768823576   20.929605753402825
54.386758931879285   21.28741337083045
54.373271382768166   21.720771931679337
54.36466725758794   21.99894616743171
54.35606313240771   22.277120402284766
54.348776754143955   22.51038781724401
54.34293731760317   22.698386678002862
54.356269837083346   22.767219685739974
54.36520985994713   22.786029906554973
54.39263336104085   22.81134390839469
54.39409698518779   22.812694946414695
54.40091827455876   22.837602986188926
54.39921295221603   22.85889367660195
54.38112620091351   22.91883833831872
54.38029937771415   22.929690389100244
54.38308990477532   22.952428019437605
54.38169464169442   22.962659952594777
54.37539011716024   22.97330529780129
54.36758697585833   22.978989705610502
54.35978383455637   22.983433878171013
54.353375956335356   22.98973840360452
54.34888010693146   23.001003866435326
54.34650299102026   23.035317016167426
54.34097361284199   23.041621541600932
54.331465149197356   23.038004191340406
54.32014801042237   23.032216430743745
54.3095543420593   23.03211307795624
54.29482655859886   23.050096475571934
54.29487823544224   23.073040812383624
54.30082102477053   23.09691532428286
54.303456523100124   23.11706913223469
54.29828888012776   23.13525923632477
54.267851461275995   23.19727095559017
54.254157206589866   23.23540816205707
54.23627716086236   23.31602339656257
54.22629379582207   23.335990125743763
54.21705352799796   23.354470662291305
54.208268534765125   23.364082478723446
54.187856344394845   23.38227258281347
54.180104879037   23.391470988095648
54.17597076483901   23.401806274040382
54.17250844331005   23.423303670028417
54.169304505098864   23.432502075310595
54.15493845684438   23.449038533901273
54.13493967762406   23.462991170106477
54.11256378159328   23.473946573675505
54.09122141523619   23.481594686245842
54.04455759705553   23.49616744007534
54.02197499634906   23.496477498437855
54.006627096163584   23.481594686245842
54.00068430593603   23.469502401114994
53.99675689731299   23.464128051668297
53.99231272385316   23.459270467058445
53.981615702702584   23.45865035033347
53.97252065020791   23.462887817318972
53.96528594968686   23.47094934103933
53.96011830671455   23.481594686245842
53.9556224573106   23.487485798730688
53.950609843069856   23.49037967857936
53.94513214173503   23.489759561854328
53.93929270429493   23.485625447656332
53.909992167904306   23.486865682005657
53.88554921522416   23.497200967950334
53.8625015274236   23.51043013464306
53.83733510343234   23.52066206869955
53.78416005514248   23.529860473981728
53.76359283514131   23.540402466400735
53.74240549841505   23.564690388550616
53.74240549841505   23.56479374223744
53.68101389587463   23.567067503562498
53.61125071215071   23.590942016360998
53.45570465094892   23.67579471875132
53.39710357726835   23.722923624925386
53.365477600011275   23.742974080089766
53.27093556772235   23.78297163942966
53.24246185363171   23.800644978682897
53.22796661416794   23.81862837719791
53.21383310991013   23.828446899205062
53.19928619540167   23.836198364562904
53.18380910310765   23.84808394321948
53.172001037917596   23.865963988946987
53.16399119104068   23.883120565162017
53.151950581853896   23.893662556681704
53.127714335648136   23.891388793558008
53.11329661144953   23.88239709475016
53.101256002262744   23.870304809619313
53.08748423321083   23.860692993187115
53.067976380405696   23.859349406050285
53.05102650976568   23.867927693708168
53.02753957059474   23.89821008292904
53.01273427366783   23.909682251334857
53.00506032357515   23.911335896834203
52.99304555281009   23.908958780923058
52.986663513910116   23.909062133710563
52.95880991744377   23.917537068580884
52.95080006966754   23.917950479730905
52.944624735443256   23.91495324709473
52.93113718723146   23.903894490738196
52.92325653156371   23.90110396277771
52.91253367109209   23.90203413876452
52.90653920492042   23.905444782550717
52.90150075315728   23.909475544860584
52.89385264058694   23.91205936724606
52.77262452969836   23.920425638832228
52.742595724113414   23.92249800597824
52.699859314555795   23.908752075348048
52.67004201332833   23.868961221583163
52.61490325937797   23.73615279161811
52.58588694292814   23.569031209223
52.55441599530201   23.480457804683965
52.50963836661737   23.39229781039569
52.39512339442916   23.270548136787113
52.365073547406325   23.230447224659713
52.34750356094065   23.212050414994735
52.28939341277584   23.165644979232468
52.28892832478243   23.16874556465615
52.28513571014497   23.17609938218078
52.28130605063376   23.183525024060657
52.27146169020489   23.194480427629685
52.258310038777324   23.19768436674019
52.24053334583732   23.18972619580734
52.23167083733932   23.21225712056969
52.219733581839364   23.2841907146298
52.223428445566356   23.29959029165866
52.21528940837953   23.31271610466456
52.20094919944603   23.374831176717464
52.19957977298816   23.39581180786871
52.193378601241534   23.39581180786871
52.184154358436956   23.388473754560152
52.18250071203829   23.3913676353082
52.18591135672381   23.405733683562687
52.18250071203829   23.418239379843556
52.176790466706734   23.427231078651403
52.17567942356658   23.436739542296095
52.18591135672381   23.45048547382561
52.181467184163296   23.454412882448594
52.17635121713499   23.464334757243307
52.17162282373437   23.47094934103933
52.181622212894865   23.48769250520502
52.174103292433074   23.4915165610405
52.162140199410715   23.488726033080013
52.15862620103837   23.484695271669523
52.12444224071692   23.512497192191745
52.1206440233031   23.531927530631094
52.12154836086819   23.579366496066996
52.1145203659222   23.59817671688205
52.10676890056436   23.604791300678016
52.0986298615789   23.609855590862878
52.09229950042169   23.61585005703455
52.08971567803616   23.625255167891737
52.084470520698005   23.63745080581009
52.072920837926404   23.64148156722058
52.061396993576466   23.642515095994952
52.04894297323966   23.650783325290263
52.01116750107934   23.664942667969797
51.994088440129474   23.67641483457703
51.98687957803014   23.660705200084976
51.97408966090916   23.647579386179757
51.94633941723038   23.628665811677934
51.92794260666602   23.622154581568736
51.89556732237406   23.62143111115688
51.884250183599136   23.61491988104774
51.883268331668205   23.618847289670725
51.88321665482482   23.620604288856896
51.88202809731888   23.621327758369432
51.87742889422816   23.62184452320622
51.873268941608444   23.609855590862878
51.85159067756774   23.605721475765563
51.84329661075003   23.594559366621525
51.82518402102579   23.6102690020129
51.80975860557527   23.628665811677934
51.7865042121997   23.617503703433215
51.77467030858793   23.598280069669556
51.766686300132676   23.57729943941763
51.754542338158444   23.56034956877761
51.74735931358151   23.55631880556848
51.736636454908535   23.55228804505731
51.71358876620866   23.546603637248097
51.70842112233697   23.550220988407943
51.701393127390986   23.55693892409215
51.695166118121904   23.55921268721579
51.6924272670048   23.550014281933613
51.68963673904432   23.546086873310628
51.68320302330096   23.549290812421134
51.676304219564145   23.55538863138031
51.67196339979114   23.56034956877761
51.662067363418146   23.547533813234963
51.659741922551746   23.541435994275787
51.658966777095145   23.532444294568563
51.65149953257742   23.532444294568563
51.64379974406302   23.54381311018693
51.634110413265034   23.545156697323762
51.60710947841977   23.539885701563946
51.59274342926591   23.54339969903691
51.578816630583106   23.55208133858298
51.555303853889825   23.5739921466203
51.554890441840485   23.567170857249323
51.555303853889825   23.56034956877761
51.539671732864235   23.572751912270974
51.53589935297282   23.58866825323736
51.53078338684389   23.602310831979366
51.5173991914196   23.60623824060235
51.51122385719532   23.608098591676708
51.497219544146674   23.614816528260235
51.49042409319742   23.63052616365161
51.48621246373426   23.64861291495413
51.48019215914087   23.662772257633605
51.46019337992061   23.647165975029793
51.45396636975221   23.648716267741634
51.41642344158862   23.689437296594008
51.40443450924528   23.69760217310187
51.40104970298148   23.68602665190849
51.39407338487888   23.678895304175
51.38378977487827   23.677655069825676
51.37027638824475   23.683856241572357
51.36580637636325   23.665562784694828
51.35399831207252   23.647786091754767
51.33929636703374   23.634040161124574
51.32596384755357   23.628665811677934
51.30469899556226   23.635177042686394
51.29960886695568   23.650886678077768
51.299376322959006   23.67021366372967
51.292400004856404   23.687266886257817
51.216254781333134   23.74266402172725
51.19902069165164   23.765194945590338
51.17878936843465   23.816044555711755
51.14827443431773   23.863586873035786
51.136130473242815   23.874748983079144
51.130730286273774   23.858212523589145
51.12153188099154   23.854491821440433
51.10173980734629   23.869271280845
51.07610829716026   23.89552290865538
51.06272410083665   23.90420454910071
51.020866191321716   23.915986775869044
51.014665018675714   23.915986775869044
51.00681020142969   23.911749307984223
51.002727763175756   23.919087361292725
50.999472148121185   23.931799764047923
50.994201150562674   23.943995401966276
50.98355580715486   23.95505415832281
50.975339253803554   23.957844685383975
50.96634755499571   23.95887821415829
50.953221741090545   23.964355916392492
50.93751210569917   23.97934208137201
50.89803131119612   24.046934854759797
50.86893748038045   24.13023726443828
50.856431783200264   24.14315637186911
50.8390685023096   24.130857381163253
50.83498606405567   24.100471639154875
50.83483103442478   24.067295369186013
50.829094950671504   24.046934854759797
50.838551736573436   24.020476521374405
50.836226298404995   23.992881307326513
50.82516754204846   23.969936971414143
50.80801096673281   23.957637979808965
50.78889068665592   23.95949833178264
50.77617828390072   23.97427779118715
50.76920196579812   23.997945598410695
50.767031554562664   24.025850870821102
50.7608303837153   24.025850870821102
50.74331207319369   24.01282840970339
50.72801584895234   24.026884399595417
50.717163798170816   24.054169555280794
50.71297800712938   24.081041300715526
50.6901887008479   24.07494348175635
50.669156392853324   24.08279829900232
50.63028741073549   24.10816542289598
50.62988230392523   24.108429809188408
50.60440582337009   24.085278767701027
50.55686350514668   24.095407348970014
50.54363433755469   24.102538695804242
50.54084381139285   24.10770633967587
50.53862172511259   24.106466105326547
50.52714955670672   24.09396040814636
50.51428212521995   24.075046835443175
50.492784729231914   24.010657999367254
50.48074412094451   24.00786747230603
50.46146881123673   24.009417765017872
50.448498026962454   24.007764120417846
50.437697652124996   24.00321659327119
50.40477976457453   23.98130578613319
50.390827128369324   23.928699177724923
50.38938018844499   23.747521606337102
50.38240387034239   23.71300174923141
50.376771137577975   23.695741821128195
50.36824452766285   23.68220259607301
50.35356842104585   23.671247193403303
50.327004927235635   23.658677406037498
50.32561147089274   23.658018025811316
50.31269236256253   23.644168740594978
50.25781199192994   23.565310506174967
50.2428258260511   23.536371704090925
50.2428258260511   23.53626835130342
50.24277415010698   23.536164999415234
50.24277415010698   23.53606164572841
50.21595408241501   23.481594686245842
50.193474833596724   23.43642948393358
50.033949686928565   23.207916300796683
50.00397735607015   23.17784061715082
49.98547719361767   23.141253701597122
49.95710683231454   23.101462849630877
49.85442576104009   22.993045694603154
49.82662384141719   22.95118778508828
49.81835561122256   22.945916788429088
49.79820180327067   22.937751912820545
49.791070456436444   22.933101033785704
49.78543772457141   22.924419392441052
49.78120025668653   22.906746053187874
49.777427876795116   22.89796105995498
49.769728088280715   22.888245889836014
49.69738108307058   22.8266475826199
49.68632232671405   22.809801065666704
49.68327341723449   22.798845662097676
49.68048289017332   22.77734826610964
49.6742300415832   22.766186156965603
49.66560007798125   22.758951456444606
49.633664042361715   22.74169152834139
49.567363180166694   22.665830525658293
49.528760884807014   22.640922484984742
49.493000794251316   22.660146117849138
49.47837636357838   22.666864054432608
49.43584665959571   22.67306522617929
49.42447784487672   22.67678592922732
49.41894846669845   22.679576456288487
49.40551259443072   22.692598917406144
49.390629781339385   22.714199666181685
49.38298166966837   22.719780721203392
49.36706532870198   22.724224893763903
49.275391337840006   22.737764119718406
49.26087025995457   22.73394006298355
49.23043284110281   22.717093546929675
49.195034484853636   22.702934204250198
49.17338206013403   22.68712121607132
49.16123809815974   22.68174686662462
49.155915425556486   22.687844685583798
49.15793080716105   22.69249556461864
49.168834533886695   22.705724731311363
49.1615998333657   22.721434366702738
49.16118642221568   22.720194132353356
49.16056630459133   22.716370077417196
49.14558013961181   22.74882287607494
49.12031036373236   22.778071737420817
49.111370341767895   22.79646854618653
49.09488555912134   22.84132369013622
49.084756978751614   22.85341597526707
49.07628204388129   22.853519328054574
49.056696675811   22.844424275559902
49.04310577391237   22.843184041210577
49.033700663954505   22.847524861882903
49.01535553023359   22.863751261211803
49.013237354320495   22.86501401998106
49.009981180786895   22.86695520032231
48.994013163876446   22.855276326341425
48.99974924762972   22.835019164702715
49.01287506243426   22.812901651989705
49.01902455643818   22.795021606262196
49.02134999640526   22.783962849905663
49.03840321893347   22.765462686553803
49.044707742568335   22.75533410618408
49.04553456666696   22.744482055402557
49.04103871726306   22.721951132438846
49.042795716449234   22.68577762893449
49.04145212841303   22.664383585733958
49.043157450755814   22.642886189745923
49.05421620711235   22.618288208334207
49.0814496868536   22.58077111769296
49.085532125107534   22.5607206634279
49.07219960562736   22.539636677690567
49.08341339161478   22.50501346869669
49.08563547789504   22.42677535010239
49.09302520804698   22.390085082660505
49.12645986043424   22.339442179013417
49.131989237713185   22.318151488600392
49.13059397373297   22.262857706817783
49.13999908459016   22.21593550621867
49.14418487563154   22.208494100122664
49.150489400165725   22.206220336999024
49.15694895433086   22.20901086406019
49.163976949276844   22.208907511272685
49.17198679615376   22.197952107703657
49.17302032492813   22.18968387840829
49.171108297010335   22.165706013721604
49.171521708160356   22.155680786139442
49.17488067690175   22.144105264946063
49.188626608431264   22.111549112601494
49.19746327760822   22.040752401002578
49.211054180406165   22.01243371564351
49.24288686143956   22.005819132746808
49.27818186490117   21.99321008277917
49.308567606909605   21.964477986270083
49.33078847241012   21.92840783555323
49.34835845977517   21.874560994594276
49.370424297443435   21.837870727152392
49.37724558591509   21.819577270274863
49.374816793160505   21.799423461423657
49.36448150631651   21.782163533320443
49.353474426803416   21.76800419064091
49.34892690055608   21.757565551908726
49.357091777063886   21.742165974879867
49.39088816375778   21.708576293760984
49.40215362568932   21.69172977680779
49.40406565360706   21.681807902013134
49.4017918895841   21.66630497219677
49.40246368405184   21.658760213313258
49.40706288714256   21.648631632044214
49.41889678985501   21.63002811680417
49.42334096331484   21.619899536434502
49.426493225581964   21.601192668406952
49.42122222892277   21.529569132709355
49.417212681620015   21.514421954010004
49.412385559745815   21.496186157165482
49.41522776365042   21.481510051447742
49.409905091047165   21.444406371956575
49.40980173825966   21.42786991336584
49.427785135875354   21.33040816280652
49.447267151158144   21.274390909712736
49.449437560595015   21.260541626295094
49.44127268498647   21.242454874992518
49.411093648553106   21.211242309784836
49.40060333297748   21.194085733569807
49.3982778930104   21.17258833758177
49.40515085922482   21.157292114239738
49.415537822012936   21.1430294187727
49.42365102167736   21.12494266657086
49.42458119766417   21.109439737653815
49.41920684821753   21.068822061588946
49.41445261639518   21.053525838246912
49.39967315699067   21.033268676608202
49.39057810539532   21.045464315425875
49.38143137605721   21.06851200322643
49.366341858290184   21.080707641144784
49.35719512985139   21.07254276643556
49.354766337096805   21.05404260218438
49.354611308365236   21.032958618245686
49.3524408980291   21.017248982854312
49.33936676096732   20.996681762853143
49.308102518916144   20.96402225772107
49.295855205053726   20.94242150894553
49.29032582597614   20.918960408196313
49.29259958909984   20.900563599430598
49.30029937761424   20.884337199202434
49.311409810814155   20.868007446186766
49.32050486240951   20.849300578159216
49.32205515602067   20.83359094276784
49.32138336155293   20.816537719340317
49.32365712557595   20.794110148264792
49.33120188356014   20.778297160085913
49.40049998018998   20.689517049072606
49.40230865532027   20.673910765569417
49.39832956985384   20.636083618364353
49.40044830334659   20.614482869588812
49.40003489219657   20.605284464306635
49.39626251230516   20.595052531149463
49.38339508081839   20.57913618928376
49.376367085872346   20.56766402177726
49.370837707694136   20.543996214553715
49.3743517051671   20.52208540831498
49.40251536089522   20.437542765186492
49.40018992182746   20.42193648258268
49.38298166966837   20.422143188157634
49.38168975757628   20.37046675573623
49.391766662901205   20.329539021308847
49.391611633270315   20.31765344265233
49.386599019928894   20.30742150859578
49.38039784818221   20.303700806447125
49.371199442900036   20.30163374799912
49.356936747433   20.296466105026752
49.3430874640153   20.28933475729326
49.33864329055547   20.284373819895904
49.334199117095636   20.207169230075976
49.328618062973305   20.191976358622128
49.311616516389165   20.170168904271577
49.305622050217494   20.16035038226437
49.30732737256022   20.138336222338864
49.308877665272064   20.135855753640158
49.303916727874764   20.130171345831002
49.27585642493409   20.11105106575411
49.26397084627757   20.105366658844275
49.252860413077656   20.098442016685794
49.24304189107045   20.08603967319243
49.208108622814734   20.08035526538322
49.18309722935368   20.07001997943854
49.173227031402405   20.050486287312367
49.1838723757096   20.017310018242824
49.215653381698246   19.96573693860887
49.225110167600235   19.937935018086648
49.222784729431794   19.905895629679605
49.2139997361989   19.887808878377086
49.20078819082238   19.868291822809397
49.19126210586154   19.854219197258203
49.1858877564149   19.83199833175763
49.18816152043786   19.78590295435788
49.19420766255365   19.76068485532187
49.20588653563516   19.74776574699166
49.21906402638376   19.751796508402208
49.25947499597436   19.78962365740591
49.2618521118855   19.794067829966423
49.26304067029076   19.800475708187435
49.26526275657102   19.806263468784095
49.27089548843611   19.808640584695297
49.27523630820912   19.80678023272162
49.27548756709757   19.806415196104467
49.28071401044326   19.79882206178877
49.2810807476784   19.798563188340495
49.28334950787354   19.796961710714413
49.2833990173508   19.796859623273065
49.290015767613625   19.7832157791849
49.29337473455638   19.779701782611255
49.2934527921127   19.77971320579985
49.29761220334058   19.78032189933623
49.30510528627997   19.787970011007246
49.30918772543322   19.789520304618406
49.35755686505735   19.78362919123424
49.37419667643553   19.77856490104938
49.393110250038035   19.769263142979696
49.39321262796045   19.769056059689433
49.39765777628543   19.76006473769752
49.388872783052534   19.72657840936614
49.387529195915704   19.70632124862675
49.389079488627544   19.684513794276256
49.40186758821869   19.627043767356042
49.40216544817696   19.627097479365204
49.413935851558335   19.629220011594327
49.429593811005645   19.628599893969977
49.43501983639641   19.630150186681817
49.44132436182991   19.63480106571666
49.44158274334899   19.594803507276083
49.44525176955358   19.5739262289124
49.453881734954166   19.55676965359669
49.46101308178834   19.551602009725002
49.49284576462037   19.535478963183664
49.543281962692504   19.51728885909364
49.56338409470027   19.50519657396279
49.573512675069935   19.481735473213575
49.578731994885686   19.474190714330064
49.59805898143691   19.45734419737687
49.600313488276925   19.448889796726803
49.60177968358556   19.443391561171666
49.600126038086216   19.437603800575005
49.59516510068892   19.433779744739468
49.53299835269189   19.347066691274847
49.528760884807014   19.339521930592696
49.52504018175904   19.3253625897118
49.5239549770406   19.315027302867804
49.52416168261561   19.284228149709406
49.52147450834195   19.26500451684501
49.51625518942552   19.248674763829342
49.507211812874914   19.234102009999788
49.493000794251316   19.2204594321571
49.46054799469425   19.204439738403266
49.45941111313243   19.206196736690117
49.45641387959694   19.209400675800623
49.45165964777459   19.211364379662427
49.444993388034504   19.208987263751283
49.44282297769831   19.20454309119077
49.4426162721233   19.192244099585594
49.44220286097328   19.189350219736923
49.42272084569055   19.18232222479088
49.410266825353744   19.179738403304725
49.40225697757751   19.17250370278373
49.39419545565579   19.14170454872601
49.3909398397019   19.11658980337677
49.391404927695305   19.10625451743209
49.39460886680581   19.096642700100574
49.40406565360706   19.076798951410524
49.40613271115575   19.067600545229027
49.40277374331367   19.045793090878476
49.388097636696614   19.00713911957473
49.386805726403225   18.981817667751216
49.38918284141505   18.96228397742368
49.40044830334659   18.956702922401973
49.43331451495294   18.960837035700706
49.44814565030157   18.958253214214494
49.46168487625607   18.9533956296047
49.47594757082379   18.952362100830328
49.492794087776986   18.961147094962485
49.50431793212692   18.932208292878443
49.51026072235453   18.833196248707964
