11.42328237558121   -71.94704993320784
10.969459947518601   -71.62086829303723
10.446494452457046   -71.63306393095559
9.865651353227406   -72.07417395716237
9.072263088670638   -71.69564409010263
9.137194525307166   -71.26455929237738
9.85999278383997   -71.03999935538593
10.211935126305093   -71.3500837874368
10.968969021103476   -71.40062333829638
11.375481675838728   -70.15529883517308
11.846822414422945   -70.29384334979073
12.162307033442914   -69.94324459536176
11.459610907817193   -69.58430009637232
11.44338450758903   -68.88299923382755
10.885744126690156   -68.23327145001736
10.554653225066318   -68.1941265531978
10.54586823183348   -67.29624854223641
10.648626817473712   -66.22786414261606
10.200798854683455   -65.65523759583834
10.077214667522924   -64.89045223658144
10.389598700219892   -64.32947872626215
10.64141795537438   -64.31800655785634
10.70172435139773   -63.0793224760514
10.715625311658869   -61.8809460110495
10.420268663068384   -62.730118984703324
9.948204454072368   -62.3885119290822
9.873066921801069   -61.58876746314786
9.381339830368916   -60.8305966867876
8.580174262032642   -60.67125240727273
8.602756862739056   -60.15009558824079
8.367034816603564   -59.75828487854426
7.999201971593777   -59.10168412941897
7.34769135197439   -58.48296220524156
6.832787380633135   -58.454876064778546
6.809093735887245   -58.078103196904976
6.321268215555733   -57.54221859441259
5.973149928926148   -57.147436489602285
5.772877915883157   -55.949318407018836
5.953125311284111   -55.84177975113454
6.025291449340955   -55.03325029196736
5.756548162867489   -53.95804460297603
5.646529039183861   -53.61845292806015
5.409850978639781   -52.882141282893826
4.565768133592542   -51.823342861284004
4.15623240779945   -51.65779741092172
4.203490505182742   -51.31714636880986
3.650397650531204   -51.069771288014465
1.9015638292074186   -50.5088752911617
1.7364834659392727   -49.97407589338775
1.0461896838069151   -49.94710079606483
0.2229841171233602   -50.6992512678317
-0.07844451290389998   -50.38821082227162
-0.23548918997408919   -48.62056677923346
-1.2378052713960983   -48.58449662941587
-0.58161793342083   -47.82495642749711
-0.9410275204036793   -46.56658362483438
-1.5517395968049073   -44.90570309132454
-2.1377503390069137   -44.417619187675314
-2.6913082816518568   -44.58158850780336
-2.3831100399963248   -43.418791266203925
-2.9120183243861106   -41.47265682605166
-2.87305429471985   -39.9786653309402
-3.700652358019852   -38.500383470320855
-4.8209457331590215   -37.22325212278719
-5.109403578012689   -36.452937384452696
-5.149504490140089   -35.59779578304892
-5.464937432316617   -35.2353889634299
-6.738193048070684   -34.89602983251069
-7.3432207166626995   -34.729993455733336
-8.996401462557401   -35.12821204275156
-9.649281507735338   -35.63696651829014
-11.04072112368084   -37.04651872395988
-12.171194756932437   -37.68361161938071
-13.038118585104598   -38.423876512491006
-13.057652276331453   -38.67388709161594
-13.79336964319441   -38.953275722396654
-15.667053724449772   -38.88229814274507
-17.20840667063129   -39.16109249522242
-17.86774626997436   -39.26733923991395
-18.262295830787934   -39.583521490924
-19.59911345761992   -39.76082333053222
-20.904511813669217   -40.77474076977069
-21.93731698988711   -40.94475623201447
-22.370675550736053   -41.75416419122439
-22.970070489261616   -41.98828426780466
-22.96769337335047   -43.07470374188415
-23.35195932416343   -44.6478118556326
-23.796841729362257   -45.35213578923526
-24.088968601319834   -46.472093268489516
-24.88519906978121   -47.648972337503324
-25.877024834728275   -48.495458136883485
-26.623697605160316   -48.6410048080254
-27.17591196066843   -48.47473588725137
-28.18613453528053   -48.66152035208256
-28.67411508524293   -48.8884574040859
-29.22446908967669   -49.5873294747754
-30.984465020144512   -50.696874151920554
-31.77769825596971   -51.57622616200774
-32.24536996834934   -52.25608130540786
-33.196578057231534   -52.71209998222838
-33.768377780809885   -53.37366166875097
-34.39681487420705   -53.80642595039723
-34.952646579975635   -54.93586605487451
-34.752658786873496   -55.67408972795852
-34.85983570755184   -56.21529700395354
-34.43045623127   -57.13968502424444
-34.462547295621164   -57.81786068372355
-33.909454440969625   -58.42707414425632
-34.43148976004437   -58.49544206400003
-35.28802662542836   -57.225829636928154
-35.977390232473226   -57.36235877173988
-36.41312590923326   -56.73748735175985
-36.90157154718912   -56.78828528503783
-38.1838705376951   -57.74915686719561
-38.72022022908027   -59.231857061953804
-38.92842457463439   -61.23744523830709
-38.827707208121126   -62.33595699751737
-39.424104913111194   -62.125763108780404
-40.17258635867347   -62.33053097212661
-40.67689666075228   -62.145994431997394
-41.028761488851615   -62.74580278167298
-41.16678923953174   -63.77049475732713
-40.802677097569926   -64.73208980989676
-41.0643148738323   -65.11803524463079
-42.0580009907531   -64.97856055402633
-42.35901620873102   -64.30340796560506
-42.04368661844262   -63.75594784191935
-42.56313811603121   -63.458059047786776
-42.87355844486632   -64.37880388029481
-43.49538095446741   -65.1818039621831
-44.501366062094064   -65.32882341167107
-45.03678557749237   -65.5652689273191
-45.03962778049765   -66.5099657860921
-45.551896254408575   -67.2937939110601
-46.30177296305175   -67.5805464344703
-47.033924655598355   -66.5970664131844
-47.23613453588007   -65.64102657721475
-48.13328907642972   -65.98508826401212
-48.69733733465023   -67.16617896158976
-49.86966887831602   -67.81608761255325
-50.26421843823027   -68.7287450829192
-50.73251026823425   -69.13853919113075
-51.771104011740704   -68.81556148917133
-52.34998340620916   -68.14999487965991
-52.29944385534958   -68.57154537621813
-52.29195077241019   -69.46128434909338
-52.537930590124574   -69.94277950736836
-52.89920052818178   -70.84510169178958
-53.83325204264759   -71.0063321599012
-53.85645476007909   -71.42979468437716
-53.53141000147036   -72.55794287766162
-52.83506926873173   -73.70275672074604
-52.83507007632295   -73.70275672074604
-52.262753588807016   -74.94676347515423
-51.62935475042133   -75.26002600789388
-51.04339568506276   -74.97663245322508
-50.378371677011216   -75.47975419779794
-48.67377288201283   -75.60801510241498
-47.71191944792412   -75.18276974123052
-46.939253432100145   -74.12658098042789
-46.64764332497941   -75.6443953114944
-45.76397633264162   -74.69215369293852
-44.103044122288395   -74.35170935730093
-44.4549606263318   -73.24035600412623
-42.383355808623605   -72.71780392111401
-42.11753224042053   -73.3888999088037
-43.36577646271354   -73.70133561834405
-43.224958184972195   -74.3319431220774
-41.794812920879565   -74.01795711982516
-39.9422128235629   -73.67709937213829
-39.25868865305887   -73.21759253626652
-38.282882582764955   -73.50555945470501
-37.15628468219228   -73.58806087960585
-37.12378020579183   -73.1667170886227
-35.508840020050854   -72.5531369698952
-33.909092705763726   -71.86173214372343
-32.418899428066084   -71.43845048730009
-30.92064462664814   -71.66872066962316
-30.095682061677735   -71.37008256665706
-28.86144215243337   -71.48989437572482
-27.64037973393755   -70.90512386787219
-25.705924167766057   -70.72495398593765
-23.628996677454666   -70.40396582716113
-21.39331918683098   -70.09124589678066
-19.756468193951946   -70.1644197251901
-18.34797535547824   -70.37257239480016
-17.773798516888007   -71.37525021052875
-17.36348764383962   -71.46204077835921
-16.359362888186695   -73.44452958826986
-15.265682875164487   -75.23788265675915
-14.64928639095416   -76.00920508454698
-13.823186944421877   -76.42346920464007
-13.535039157930726   -76.25924150299295
-12.22271615972295   -77.10619238946714
-10.377712497233915   -78.09215287945176
-8.386567885299598   -79.03695309101232
-7.93083342841993   -79.4459203760245
-7.194340915201053   -79.76057817274443
-6.541667575598069   -80.5374816555539
-6.136834404783883   -81.24999630408615
-5.690556735604844   -80.92634680855832
-4.736764825236435   -81.41094255225693
-4.036394137779212   -81.09966956270011
-3.4048564589583634   -80.30256059419605
-2.6575118949579632   -79.77029334196413
-2.2207943662669436   -79.98655921123856
-2.685158786748559   -80.36878394202529
-2.2469426403905004   -80.96776546940083
-1.9650477024894144   -80.76480628118492
-1.0574545223083192   -80.93365902344516
-0.9066626929288759   -80.58337032737865
-0.28370330176591096   -80.39932471366456
0.36034007423506864   -80.0208982002917
0.7684288601038816   -80.09060970717223
0.982937730192134   -79.54276201075817
1.380923773213624   -78.85525875478766
1.6913699404704516   -78.99093522797835
1.7664041199542453   -78.6178313872087
2.2673554550902395   -78.66211808947821
2.6295555691342543   -78.42761044016964
2.696605740162852   -77.93154252806517
3.325016994238922   -77.5104312810787
3.849636135699143   -77.12768978545517
4.087606105637292   -77.49627193839922
4.6679841168735265   -77.30760128407195
5.582811997575675   -77.5332205882595
5.845354112302516   -77.31881507005937
6.691116441270822   -77.47666073280652
7.223771267130303   -77.88157141798649
7.709839789174964   -77.75341386615696
7.6380612247457975   -77.43110795776602
7.935278225309901   -77.24256649464797
8.524286200148083   -77.47472286646706
8.67050466575779   -77.35336076558684
8.638749498190862   -76.83667395663775
9.336820583203405   -76.08638383684456
9.443248195947547   -75.67460018545017
9.77400320078715   -75.66470414907718
10.618990383399534   -75.48042599136636
11.083044745518634   -74.90689510792288
11.1020358343863   -74.27675269218298
11.310472723937096   -74.19722266329524
11.227015285527045   -73.41476396388578
11.731971543651866   -72.62783525259482
11.955549627813127   -72.23819495323448
12.437303168506446   -71.75409013505163
12.376040758074566   -71.39982235351874
12.112981879410256   -71.13746110684457
11.776284084343047   -71.33158362498426
11.539993597426644   -71.36000566313083
11.42328237558121   -71.94704993320784
